0 
0 Name: New Model.ldr
0 Author: 
1 288 -50 0 90 1 0 0 0 1 0 0 0 1 2552p06.dat
1 7 -10 -264 310 -1 0 0 0 1 0 0 0 -1 2449.dat
1 7 -110 -72 390 1 0 0 0 1 0 0 0 1 2449.dat
1 7 -330 -72 390 1 0 0 0 1 0 0 0 1 2449.dat
1 7 -370 -72 -130 0 0 -1 0 1 0 1 0 0 2449.dat
1 7 -320 -80 340 0 0 1 0 1 0 -1 0 0 3020.dat
1 7 -290 -80 320 0 0 1 0 1 0 -1 0 0 3023.dat
1 7 150 -144 370 1 0 0 0 1 0 0 0 1 2449.dat
1 7 150 -144 370 1 0 0 0 1 0 0 0 1 2449.dat
1 7 -110 -144 370 1 0 0 0 1 0 0 0 1 2449.dat
1 7 -350 -144 -130 0 0 -1 0 1 0 1 0 0 2449.dat
1 7 -220 -24 390 1 0 0 0 1 0 0 0 1 3004.dat
1 7 -220 -72 390 1 0 0 0 1 0 0 0 1 3004.dat
1 7 -220 -48 390 1 0 0 0 1 0 0 0 1 3004.dat
1 7 -110 -168 320 0 0 1 0 1 0 -1 0 0 3004.dat
1 7 -10 -168 310 1 0 0 0 1 0 0 0 1 3622.dat
1 7 100 -168 310 1 0 0 0 1 0 0 0 1 3004.dat
1 0 -290 -168 180 0 0 1 0 1 0 -1 0 0 3008.dat
1 0 -290 -168 -80 0 0 1 0 1 0 -1 0 0 3004.dat
1 7 -330 -168 -130 0 0 1 0 1 0 -1 0 0 3040a.dat
1 7 150 -168 350 -1 0 0 0 1 0 0 0 -1 3040a.dat
1 7 -300 -104 340 0 0 1 0 1 0 -1 0 0 3001.dat
1 7 -290 -112 340 0 0 1 0 1 0 -1 0 0 3710.dat
1 7 -290 -120 340 0 0 1 0 1 0 -1 0 0 3710.dat
1 0 130 -288 330 -1 0 0 0 1 0 0 0 -1 2345.dat
1 0 130 -432 330 -1 0 0 0 1 0 0 0 -1 2345.dat
1 0 -310 -288 -110 -1 0 0 0 1 0 0 0 -1 2345.dat
1 7 -10 -192 310 1 0 0 0 1 0 0 0 1 3005.dat
1 7 -160 -120 390 1 0 0 0 1 0 0 0 1 12939.dat
1 7 -280 -120 390 1 0 0 0 1 0 0 0 1 12939.dat
1 0 -290 -144 390 1 0 0 0 1 0 0 0 1 3040a.dat
1 7 -330 -88 340 0 0 1 0 1 0 -1 0 0 4315.dat
1 0 -290 -168 20 0 0 1 0 1 0 -1 0 0 3008.dat
1 0 -290 -168 290 -1 0 0 0 1 0 0 0 -1 2357.dat
1 7 150 -72 390 1 0 0 0 1 0 0 0 1 2449.dat
1 7 -120 -144 390 -1 0 0 0 1 0 0 0 -1 3660.dat
1 7 -220 -144 390 -1 0 0 0 1 0 0 0 -1 3660.dat
1 7 -320 -144 390 -1 0 0 0 1 0 0 0 -1 3660.dat
1 0 -260 -144 390 -1 0 0 0 1 0 0 0 -1 3004.dat
1 0 -170 -144 390 1 0 0 0 1 0 0 0 1 3622.dat
1 7 -290 -192 -50 0 0 1 0 1 0 -1 0 0 3622.dat
1 7 -290 -192 140 0 0 1 0 1 0 -1 0 0 2465.dat
1 7 -160 -152 340 0 0 1 0 1 0 -1 0 0 3032.dat
1 7 -240 -152 340 0 0 1 0 1 0 -1 0 0 3032.dat
1 0 -150 -176 350 0 0 1 0 1 0 -1 0 0 18860.dat
1 0 -190 -176 350 0 0 1 0 1 0 -1 0 0 18860.dat
1 0 -190 -176 310 0 0 1 0 1 0 -1 0 0 18860.dat
1 0 -150 -176 310 0 0 1 0 1 0 -1 0 0 18860.dat
1 0 -150 -184 330 0 0 1 0 1 0 -1 0 0 3623pz1.dat
1 0 -190 -184 330 0 0 1 0 1 0 -1 0 0 3623pz1.dat
1 0 -310 -216 390 0 0 -1 0 1 0 1 0 0 4460b.dat
1 0 50 -288 310 -1 0 0 0 1 0 0 0 -1 4444.dat
1 0 -70 -288 310 -1 0 0 0 1 0 0 0 -1 4444.dat
1 7 -310 -192 290 -1 0 0 0 1 0 0 0 -1 3005.dat
1 7 90 -288 310 1 0 0 0 1 0 0 0 1 2357.dat
1 0 -10 -288 310 -1 0 0 0 1 0 0 0 -1 45505.dat
1 0 -170 -192 340 -1 0 0 0 1 0 0 0 -1 3021.dat
1 0 -170 -192 310 -1 0 0 0 1 0 0 0 -1 3623.dat
1 0 -120 -168 410 -1 0 0 0 1 0 0 0 -1 3004p06.dat
1 0 -220 -168 410 -1 0 0 0 1 0 0 0 -1 3004p06.dat
1 0 -310 -168 410 0 0 1 0 1 0 -1 0 0 3040a.dat
1 7 -290 -216 290 -1 0 0 0 1 0 0 0 -1 2357.dat
1 7 -290 -216 220 0 0 1 0 1 0 -1 0 0 3004.dat
1 7 -290 -216 160 0 0 1 0 1 0 -1 0 0 3004.dat
1 7 -290 -216 100 0 0 1 0 1 0 -1 0 0 3004.dat
1 7 -290 -216 40 0 0 1 0 1 0 -1 0 0 3004.dat
1 7 -290 -216 -20 0 0 1 0 1 0 -1 0 0 3004.dat
1 7 -290 -224 -70 0 0 1 0 1 0 -1 0 0 3005.dat
1 7 -10 -288 330 0 0 -1 0 1 0 1 0 0 18759.dat
1 0 -110 -288 370 0 0 -1 0 1 0 1 0 0 4444.dat
1 18 -170 -232 310 -1 0 0 0 1 0 0 0 -1 2343.dat
1 0 -310 -264 340 0 0 -1 0 1 0 1 0 0 15254.dat
1 7 -290 -240 -70 0 0 1 0 1 0 -1 0 0 60897.dat
1 7 -290 -232 -70 -1 0 0 0 1 0 0 0 -1 60897.dat
1 18 -170 -288 410 -1 0 0 0 1 0 0 0 -1 4444p03.dat
1 18 -270 -288 410 -1 0 0 0 1 0 0 0 -1 4444p03.dat
1 0 -310 -272 360 0 0 -1 0 1 0 1 0 0 3666.dat
1 7 -310 -272 290 1 0 0 0 1 0 0 0 1 60897.dat
1 7 -290 -264 -70 0 0 1 0 1 0 -1 0 0 3005.dat
1 7 40 -312 330 -1 0 0 0 1 0 0 0 -1 3009.dat
1 7 -110 -288 410 0 0 -1 0 1 0 1 0 0 2357.dat
1 7 -110 -288 330 0 0 1 0 1 0 -1 0 0 2357.dat
1 0 -320 -280 360 0 0 -1 0 1 0 1 0 0 3795.dat
1 0 -220 -288 410 -1 0 0 0 1 0 0 0 -1 3004.dat
1 7 -290 -288 -90 0 0 1 0 1 0 -1 0 0 3622.dat
1 7 -310 -280 290 0 0 -1 0 1 0 1 0 0 60897.dat
1 7 -60 -312 330 -1 0 0 0 1 0 0 0 -1 3010.dat
1 7 -110 -312 400 0 0 -1 0 1 0 1 0 0 3004.dat
1 0 -110 -312 350 0 0 -1 0 1 0 1 0 0 3622.dat
1 7 -220 -288 360 -1 0 0 0 1 0 0 0 -1 3030.dat
1 0 -330 -288 360 0 0 -1 0 1 0 1 0 0 3710.dat
1 0 -310 -288 310 -1 0 0 0 1 0 0 0 -1 2420.dat
1 7 -330 -288 410 1 0 0 0 1 0 0 0 1 2420.dat
1 6 -290 -296 -50 0 0 1 0 1 0 -1 0 0 32373.dat
1 6 -190 -400 -150 0 0 1 0 1 0 -1 0 0 32373.dat
1 6 250 -637.0616 -150 0 0 1 0 1 0 -1 0 0 32373.dat
1 6 -310 -232 -70 1 0 0 0 1 0 0 0 1 3848.dat
1 7 250 -72 290 0 0 1 0 1 0 -1 0 0 2449.dat
1 7 -130 -144 -210 -1 0 0 0 1 0 0 0 -1 2449.dat
1 7 -130 -72 -230 -1 0 0 0 1 0 0 0 -1 2449.dat
1 7 20 -24 -230 1 0 0 0 1 0 0 0 1 3004.dat
1 7 20 -48 -230 1 0 0 0 1 0 0 0 1 3004.dat
1 7 20 -72 -230 1 0 0 0 1 0 0 0 1 3004.dat
1 0 -60 -120 -230 1 0 0 0 1 0 0 0 1 3308a.dat
1 7 250 -8 -140 0 0 -1 0 1 0 1 0 0 4477.dat
1 7 250 -24 -200 0 0 -1 0 1 0 1 0 0 3710.dat
1 7 250 -16 -200 0 0 -1 0 1 0 1 0 0 3710.dat
1 7 250 -24 -60 0 0 -1 0 1 0 1 0 0 3023.dat
1 7 250 -16 -60 0 0 -1 0 1 0 1 0 0 3023.dat
1 7 250 -24 -20 0 0 -1 0 1 0 1 0 0 3004.dat
1 7 -270 -72 -230 -1 0 0 0 1 0 0 0 -1 2449.dat
1 0 -330 -312 310 -1 0 0 0 1 0 0 0 -1 3005.dat
1 0 -330 -312 370 0 0 -1 0 1 0 1 0 0 3005.dat
1 7 -330 -312 400 0 0 1 0 1 0 -1 0 0 3004.dat
1 7 -290 -312 -90 -1 0 0 0 1 0 0 0 -1 3040b.dat
1 7 -290 -96 -190 -1 0 0 0 1 0 0 0 -1 3005.dat
1 7 -330 -96 -150 -1 0 0 0 1 0 0 0 -1 3005.dat
1 0 -310 -216 -170 0 0 1 0 1 0 -1 0 0 2345.dat
1 0 -330 -216 -150 0 0 1 0 1 0 -1 0 0 3005.dat
1 0 -330 -240 -150 0 0 1 0 1 0 -1 0 0 3005.dat
1 0 -290 -216 -190 0 0 1 0 1 0 -1 0 0 3005.dat
1 0 -290 -240 -190 0 0 1 0 1 0 -1 0 0 3005.dat
1 7 170 -96 350 1 0 0 0 1 0 0 0 1 3005.dat
1 7 210 -96 310 1 0 0 0 1 0 0 0 1 3005.dat
1 0 190 -216 330 0 0 -1 0 1 0 1 0 0 2345.dat
1 0 210 -216 310 0 0 -1 0 1 0 1 0 0 3005.dat
1 0 210 -240 310 0 0 -1 0 1 0 1 0 0 3005.dat
1 0 170 -216 350 0 0 -1 0 1 0 1 0 0 3005.dat
1 0 170 -240 350 0 0 -1 0 1 0 1 0 0 3005.dat
1 7 -160 -160 290 1 0 0 0 1 0 0 0 1 4315.dat
1 0 -160 -160 240 1 0 0 0 1 0 0 0 1 4213.dat
0 !LEOCAD GROUP BEGIN roof8
0 !LEOCAD GROUP BEGIN roof9
0 !LEOCAD PIECE PIVOT  -10 3.1965 36.5777 1 0 0 0 1 0 0 0 1
1 4 180 -520.4506 -213.5753 -1 0 0 0 0.66913 0.743145 0 0.743145 -0.66913 4213.dat
0 !LEOCAD GROUP END
0 !LEOCAD GROUP END
0 !LEOCAD GROUP BEGIN roof4
0 !LEOCAD GROUP BEGIN roof5
0 !LEOCAD PIECE PIVOT  -10 3.1965 36.5777 1 0 0 0 1 0 0 0 1
1 4 180 -520.4506 -26.4247 1 0 0 0 0.66913 0.743145 0 -0.743145 0.66913 4213.dat
0 !LEOCAD GROUP END
0 !LEOCAD GROUP END
0 !LEOCAD GROUP BEGIN roof6
0 !LEOCAD GROUP BEGIN roof7
0 !LEOCAD PIECE PIVOT  -10 3.1965 36.5777 1 0 0 0 1 0 0 0 1
1 4 180 -520.4506 -213.5753 -1 0 0 0 0.66913 0.743145 0 0.743145 -0.66913 4213.dat
0 !LEOCAD GROUP END
0 !LEOCAD GROUP END
0 !LEOCAD GROUP BEGIN roof2
0 !LEOCAD GROUP BEGIN roof3
0 !LEOCAD PIECE PIVOT  -10 3.1965 36.5777 1 0 0 0 1 0 0 0 1
1 4 180 -520.4506 -213.5753 -1 0 0 0 0.66913 0.743145 0 0.743145 -0.66913 4213.dat
0 !LEOCAD GROUP END
0 !LEOCAD GROUP END
1 0 -160 -144 40 1 0 0 0 1 0 0 0 1 3034.dat
1 0 -160 -144 220 1 0 0 0 1 0 0 0 1 3035.dat
1 0 -160 -152 220 1 0 0 0 1 0 0 0 1 3795.dat
1 0 -160 -152 250 1 0 0 0 1 0 0 0 1 3710.dat
1 0 -210 -160 190 1 0 0 0 1 0 0 0 1 2420.dat
1 0 -110 -160 190 0 0 -1 0 1 0 1 0 0 2420.dat
1 0 -160 -152 120 1 0 0 0 1 0 0 0 1 4151a.dat
1 0 -160 -152 30 1 0 0 0 1 0 0 0 1 4623.dat
1 0 290 -352 -120 0 0 -1 0 1 0 1 0 0 4623.dat
1 0 -310 -312 310 1 0 0 0 1 0 0 0 1 3040a.dat
1 7 -270 -144 -210 -1 0 0 0 1 0 0 0 -1 2449.dat
1 7 -270 -168 -190 1 0 0 0 1 0 0 0 1 3040a.dat
1 7 -220 -168 -150 -1 0 0 0 1 0 0 0 -1 3004.dat
1 7 160 -48 -230 1 0 0 0 1 0 0 0 1 3308a.dat
1 7 140 -72 -230 -1 0 0 0 1 0 0 0 -1 3009.dat
1 7 250 -48 -230 0 0 -1 0 1 0 1 0 0 3005.dat
1 7 170 -96 10 1 0 0 0 1 0 0 0 1 3005.dat
1 7 170 -168 240 0 0 1 0 1 0 -1 0 0 3004.dat
1 7 170 -168 130 0 0 1 0 1 0 -1 0 0 3622.dat
1 7 230 -144 290 0 0 1 0 1 0 -1 0 0 2449.dat
1 7 210 -168 290 0 0 -1 0 1 0 1 0 0 3040b.dat
1 7 250 -264 -230 1 0 0 0 1 0 0 0 1 3040b.dat
1 7 170 -264 350 0 0 -1 0 1 0 1 0 0 3665b.dat
1 7 210 -264 310 -1 0 0 0 1 0 0 0 -1 3665b.dat
1 0 260 -48 -200 0 0 -1 0 1 0 1 0 0 3003.dat
1 0 260 -48 -40 0 0 -1 0 1 0 1 0 0 3003.dat
1 7 250 -48 -10 0 0 -1 0 1 0 1 0 0 3005.dat
1 7 250 -48 -120 0 0 -1 0 1 0 1 0 0 3455.dat
1 7 -40 -144 160 0 0 1 0 1 0 -1 0 0 3030.dat
1 7 80 -144 160 0 0 1 0 1 0 -1 0 0 3030.dat
1 7 20 -152 100 0 0 1 0 1 0 -1 0 0 3031.dat
1 7 20 -152 220 0 0 1 0 1 0 -1 0 0 3031.dat
1 7 50 -152 160 0 0 1 0 1 0 -1 0 0 3023.dat
1 7 -10 -152 160 0 0 1 0 1 0 -1 0 0 3023.dat
1 0 10 -176 150 0 0 1 0 1 0 -1 0 0 85080.dat
1 0 30 -176 150 1 0 0 0 1 0 0 0 1 85080.dat
1 0 30 -176 170 0 0 -1 0 1 0 1 0 0 85080.dat
1 0 10 -176 170 -1 0 0 0 1 0 0 0 -1 85080.dat
1 0 190 -288 270 1 0 0 0 1 0 0 0 1 2345.dat
1 0 190 -432 270 1 0 0 0 1 0 0 0 1 2345.dat
1 0 -250 -288 -170 1 0 0 0 1 0 0 0 1 2345.dat
1 7 -290 -264 -190 0 0 1 0 1 0 -1 0 0 3665b.dat
1 7 -330 -264 -150 1 0 0 0 1 0 0 0 1 3665b.dat
1 7 -330 -336 310 0 0 -1 0 1 0 1 0 0 3040a.dat
1 7 150 -240 -230 0 0 1 0 1 0 -1 0 0 3040a.dat
1 7 -330 -336 380 0 0 1 0 1 0 -1 0 0 3004.dat
1 7 -110 -336 380 0 0 -1 0 1 0 1 0 0 3004.dat
1 7 40 -336 330 -1 0 0 0 1 0 0 0 -1 3004.dat
1 7 -20 -336 330 -1 0 0 0 1 0 0 0 -1 3004.dat
1 7 -70 -336 330 -1 0 0 0 1 0 0 0 -1 3005.dat
1 7 90 -336 330 -1 0 0 0 1 0 0 0 -1 3005.dat
1 0 -110 -336 330 1 0 0 0 1 0 0 0 1 2357.dat
1 7 20 -288 290 -1 0 0 0 1 0 0 0 -1 4477.dat
1 7 -90 -288 290 1 0 0 0 1 0 0 0 1 60897.dat
1 7 170 -192 130 0 0 1 0 1 0 -1 0 0 3005.dat
1 7 170 -168 10 -1 0 0 0 1 0 0 0 -1 2449.dat
1 7 -120 -144 -230 1 0 0 0 1 0 0 0 1 3660.dat
1 7 60 -96 -230 1 0 0 0 1 0 0 0 1 3659.dat
1 0 130 -96 -230 -1 0 0 0 1 0 0 0 -1 3622.dat
1 0 80 -120 -230 1 0 0 0 1 0 0 0 1 3009.dat
1 7 230 -72 -220 1 0 0 0 1 0 0 0 1 3002.dat
1 7 250 -56 -120 0 0 -1 0 1 0 1 0 0 3460.dat
1 7 250 -72 -20 0 0 1 0 1 0 -1 0 0 3660.dat
1 7 -330 -360 340 0 0 -1 0 1 0 1 0 0 3659.dat
1 6 -220 -320 340 1 0 0 0 1 0 0 0 1 54195.dat
1 6 -220 -336 340 1 0 0 0 1 0 0 0 1 62623.dat
1 7 -280 -288 -190 -1 0 0 0 1 0 0 0 -1 3004.dat
1 7 -130 -168 -200 0 0 -1 0 1 0 1 0 0 3009.dat
1 7 -110 -360 360 0 0 -1 0 1 0 1 0 0 3004.dat
1 0 -110 -360 330 0 0 -1 0 1 0 1 0 0 3040b.dat
1 7 160 -288 350 -1 0 0 0 1 0 0 0 -1 3004.dat
1 7 170 -264 130 0 0 -1 0 1 0 1 0 0 2449.dat
1 0 200 -144 -10 1 0 0 0 1 0 0 0 1 4215a.dat
1 0 250 -144 -10 0 0 -1 0 1 0 1 0 0 2449.dat
1 0 250 -144 -230 0 0 -1 0 1 0 1 0 0 2449.dat
1 0 270 -216 -230 -1 0 0 0 1 0 0 0 -1 2449.dat
1 0 270 -216 -10 1 0 0 0 1 0 0 0 1 2449.dat
1 7 230 -96 -230 1 0 0 0 1 0 0 0 1 3005.dat
1 7 -290 -200 -70 0 0 -1 0 1 0 1 0 0 60897.dat
1 8 -270 -208 -70 1 0 0 0 1 0 0 0 1 3847.dat
1 7 180 -64 -120 1 0 0 0 1 0 0 0 1 3036.dat
1 7 -110 -384 340 0 0 1 0 1 0 -1 0 0 2458.dat
1 7 -330 -384 340 0 0 -1 0 1 0 1 0 0 2458.dat
0 !LEOCAD GROUP BEGIN roof1
1 4 -300 -384 340 -1 0 0 0 0.707106 -0.707107 0 -0.707107 -0.707106 10247.dat
1 4 -140 -384 340 1 0 0 0 0.707106 0.707107 0 -0.707107 0.707106 10247.dat
1 4 -220 -389.6569 345.6569 1 0 0 0 0.707106 0.707107 0 -0.707107 0.707106 3030.dat
1 4 -220 -327.4314 396.5685 1 0 0 0 0.707106 0.707107 0 -0.707107 0.707106 3033.dat
0 !LEOCAD GROUP END
1 7 -300 -288 -140 -1 0 0 0 1 0 0 0 -1 3001.dat
1 0 -310 -288 -170 -1 0 0 0 1 0 0 0 -1 2357.dat
1 7 180 -288 300 1 0 0 0 1 0 0 0 1 3001.dat
1 0 170 -288 190 0 0 -1 0 1 0 1 0 0 4444.dat
1 0 170 -288 70 0 0 -1 0 1 0 1 0 0 4444.dat
1 0 190 -216 -230 1 0 0 0 1 0 0 0 1 4444.dat
1 0 180 -168 -10 1 0 0 0 1 0 0 0 1 3004.dat
1 0 240 -168 -10 1 0 0 0 1 0 0 0 1 3004.dat
1 7 250 -168 -230 1 0 0 0 1 0 0 0 1 3665b.dat
1 7 190 -288 10 -1 0 0 0 1 0 0 0 -1 3665b.dat
1 7 0 -144 -230 1 0 0 0 1 0 0 0 1 3660.dat
1 7 120 -144 -230 1 0 0 0 1 0 0 0 1 3660.dat
1 0 -60 -144 -230 1 0 0 0 1 0 0 0 1 3010.dat
1 0 60 -144 -230 1 0 0 0 1 0 0 0 1 3010.dat
1 7 -60 -152 -230 1 0 0 0 1 0 0 0 1 3666.dat
1 7 60 -152 -230 1 0 0 0 1 0 0 0 1 3666.dat
1 0 -170 -288 -150 1 0 0 0 1 0 0 0 1 4444.dat
1 6 -310 -256 270 -1 0 0 0 1 0 0 0 -1 3848.dat
1 6 250 -600.6172 -90 1 0 0 0 1 0 0 0 1 3848.dat
1 7 -60 -168 -250 1 0 0 0 1 0 0 0 1 3009.dat
1 7 60 -168 -250 1 0 0 0 1 0 0 0 1 3009.dat
1 7 130 -168 -240 0 0 1 0 1 0 -1 0 0 3004.dat
1 7 -130 -288 -150 1 0 0 0 1 0 0 0 1 3676.dat
1 7 -210 -288 -150 -1 0 0 0 1 0 0 0 -1 2357.dat
1 0 -270 -296 -130 -1 0 0 0 1 0 0 0 -1 30039.dat
1 0 170 -288 130 0 0 -1 0 1 0 1 0 0 3622.dat
1 0 210 -192 -10 1 0 0 0 1 0 0 0 1 4490.dat
1 7 250 -192 -10 1 0 0 0 1 0 0 0 1 3005.dat
1 7 170 -192 0 0 0 1 0 1 0 -1 0 0 3004.dat
1 7 250 -192 -240 0 0 1 0 1 0 -1 0 0 3004.dat
1 6 -240 -192 340 0 0 1 0 1 0 -1 0 0 2489.dat
1 6 -240 -200 340 0 0 1 0 1 0 -1 0 0 4032b.dat
1 7 170 -288 230 1 0 0 0 1 0 0 0 1 2357.dat
1 0 190 -288 330 1 0 0 0 1 0 0 0 1 2357.dat
1 0 -378.1933 -68.7439 340 0 0.5 0.866025 0 0.866025 -0.5 -1 0 0 4213.dat
1 0 -434.155 -45.672 340 -0.866025 0.5 0 0.5 0.866025 0 0 0 -1 3035.dat
1 0 270 -72 -40 0 0 -1 0 1 0 1 0 0 3937.dat
1 0 270 -72 -200 0 0 -1 0 1 0 1 0 0 3937.dat
1 7 240 -216 -20 1 0 0 0 1 0 0 0 1 6056.dat
1 7 240 -360 -20 1 0 0 0 1 0 0 0 1 6056.dat
1 7 240 -216 -220 -1 0 0 0 1 0 0 0 -1 6056.dat
1 7 240 -360 -220 -1 0 0 0 1 0 0 0 -1 6056.dat
1 7 -220 -312 -150 1 0 0 0 1 0 0 0 1 3004.dat
1 7 -160 -296 -150 1 0 0 0 1 0 0 0 1 3710.dat
1 7 190 -288 130 1 0 0 0 1 0 0 0 1 2341.dat
1 7 -20 -296 300 -1 0 0 0 1 0 0 0 -1 2445.dat
1 7 150 -288 160 0 0 -1 0 1 0 1 0 0 4477.dat
1 7 -130 -192 -250 1 0 0 0 1 0 0 0 1 2357.dat
1 7 130 -192 -250 0 0 -1 0 1 0 1 0 0 2357.dat
1 0 270 -288 -230 0 0 -1 0 1 0 1 0 0 2357.dat
1 0 270 -312 -230 0 0 -1 0 1 0 1 0 0 2357.dat
1 0 -280 -312 -190 -1 0 0 0 1 0 0 0 -1 3004.dat
1 0 -330 -312 -140 0 0 -1 0 1 0 1 0 0 3004.dat
1 7 -110 -408 330 0 0 1 0 1 0 -1 0 0 3005.dat
1 7 -330 -408 330 0 0 -1 0 1 0 1 0 0 3005.dat
1 7 -330 -416 330 1 0 0 0 1 0 0 0 1 60897.dat
1 7 170 -216 0 0 0 1 0 1 0 -1 0 0 3004.dat
1 0 270 -288 -20 0 0 1 0 1 0 -1 0 0 3004.dat
1 0 270 -312 -20 0 0 1 0 1 0 -1 0 0 3004.dat
1 0 200 -216 -10 1 0 0 0 1 0 0 0 1 3004.dat
1 0 -330 -384 310 0 0 -1 0 1 0 1 0 0 3062b.dat
1 0 -330 -392.0704 310 1 0 0 0 0 1 0 -1 0 3849.dat
1 0 -331.3008 -472.0704 -109.2022 0 1 0 0 0 1 1 0 0 3849.dat
1 0 110 -472.0704 270.7978 0 1 0 0 0 1 1 0 0 3849.dat
1 0 -310 -432 -110 -1 0 0 0 1 0 0 0 -1 2345.dat
1 0 -310 -432 -170 0 0 1 0 1 0 -1 0 0 2345.dat
1 0 -250 -432 -170 1 0 0 0 1 0 0 0 1 2345.dat
1 7 130 -296 270 0 0 1 0 1 0 -1 0 0 2450.dat
1 7 -110 -312 -150 0 0 -1 0 1 0 1 0 0 4070.dat
1 7 150 -432 -230 0 0 1 0 1 0 -1 0 0 4070.dat
1 7 150 -432 -10 0 0 1 0 1 0 -1 0 0 4070.dat
1 7 270 -264 -10 0 0 -1 0 1 0 1 0 0 4070.dat
1 7 270 -264 -230 0 0 -1 0 1 0 1 0 0 4070.dat
1 7 -130 -192 -180 0 0 -1 0 1 0 1 0 0 3004.dat
1 7 -60 -192 -250 1 0 0 0 1 0 0 0 1 3004.dat
1 7 60 -192 -250 1 0 0 0 1 0 0 0 1 3004.dat
1 7 240 -576 -250 1 0 0 0 1 0 0 0 1 3004.dat
1 7 240 -576 10 1 0 0 0 1 0 0 0 1 3004.dat
1 7 310 -576 -180 0 0 -1 0 1 0 1 0 0 3004.dat
1 7 310 -576 -120 0 0 -1 0 1 0 1 0 0 3004.dat
1 7 310 -576 -60 0 0 -1 0 1 0 1 0 0 3004.dat
1 7 0 -192 -250 1 0 0 0 1 0 0 0 1 3004.dat
1 7 170 -240 10 0 0 1 0 1 0 -1 0 0 3005.dat
1 0 110 -312 310 1 0 0 0 1 0 0 0 1 3005.dat
1 0 170 -312 250 1 0 0 0 1 0 0 0 1 3005.dat
1 0 160 -312 350 -1 0 0 0 1 0 0 0 -1 3004.dat
1 0 210 -312 300 0 0 -1 0 1 0 1 0 0 3004.dat
1 7 -160 -312 -170 1 0 0 0 1 0 0 0 1 3009.dat
1 7 140 -216 -230 1 0 0 0 1 0 0 0 1 3004.dat
1 0 260 -336 -230 1 0 0 0 1 0 0 0 1 3004.dat
1 7 250 -216 -250 0 0 1 0 1 0 -1 0 0 3005.dat
1 0 220 -240 -10 1 0 0 0 1 0 0 0 1 3009.dat
1 8 129.2712 -285.3534 40 0 0.978148 -0.207912 0 0.207912 0.978148 1 0 0 6020.dat
1 7 150 -288 40 0 0 1 0 1 0 -1 0 0 2540.dat
1 0 250 -240 -230 -1 0 0 0 1 0 0 0 -1 3622.dat
1 7 250 -240 -250 0 0 1 0 1 0 -1 0 0 3005.dat
1 7 170 -264 10 0 0 1 0 1 0 -1 0 0 2357.dat
1 7 190 -336 -10 0 0 -1 0 1 0 1 0 0 2357.dat
1 0 170 -288 10 0 0 1 0 1 0 -1 0 0 3622.dat
1 7 -110 -336 -160 0 0 -1 0 1 0 1 0 0 3004.dat
1 7 -150 -336 -170 1 0 0 0 1 0 0 0 1 3005.dat
1 7 -210 -336 -170 1 0 0 0 1 0 0 0 1 2357.dat
1 0 190 -432 330 0 0 -1 0 1 0 1 0 0 2345p03.dat
1 7 160 -296 120 0 0 -1 0 1 0 1 0 0 2445.dat
1 0 220 -312 -10 1 0 0 0 1 0 0 0 1 4215a.dat
1 7 270 -312 -210 1 0 0 0 1 0 0 0 1 2339.dat
1 7 270 -312 -30 -1 0 0 0 1 0 0 0 -1 2339.dat
1 7 -210 -344 -150 -1 0 0 0 1 0 0 0 -1 60897.dat
1 7 -210 -376 -150 -1 0 0 0 1 0 0 0 -1 60897.dat
1 7 -210 -384 -150 0 0 -1 0 1 0 1 0 0 60897.dat
1 0 -210 -368 -150 -1 0 0 0 1 0 0 0 -1 3005.dat
1 0 -210 -408 -150 -1 0 0 0 1 0 0 0 -1 3005.dat
1 0 170 -312 -10 0 0 1 0 1 0 -1 0 0 3005.dat
1 7 190 -312 180 0 0 -1 0 1 0 1 0 0 3009.dat
1 7 190 -312 60 0 0 -1 0 1 0 1 0 0 3009.dat
1 0 190 -360 -230 1 0 0 0 1 0 0 0 1 4444.dat
1 0 270 -312 -120 0 0 -1 0 1 0 1 0 0 3710.dat
1 7 -280 -432 -190 1 0 0 0 1 0 0 0 1 3660.dat
1 7 -220 -432 -150 -1 0 0 0 1 0 0 0 -1 3660.dat
1 7 -330 -432 -140 0 0 1 0 1 0 -1 0 0 3660.dat
1 7 -290 -432 -90 0 0 -1 0 1 0 1 0 0 3676.dat
1 7 210 -432 300 0 0 -1 0 1 0 1 0 0 3660.dat
1 0 270 -336 -120 0 0 -1 0 1 0 1 0 0 3660.dat
1 7 160 -432 350 -1 0 0 0 1 0 0 0 -1 3660.dat
1 7 110 -432 310 0 0 1 0 1 0 -1 0 0 3676.dat
1 7 170 -432 250 0 0 1 0 1 0 -1 0 0 3676.dat
0 !LEOCAD GROUP BEGIN ghost
0 !LEOCAD GROUP BEGIN Minifig #2
1 21 -295 -384 -145.2628 -0.866025 0 -0.5 0 1 0 0.5 0 -0.866025 2588.dat
1 0 -295 -384 -145.2628 -0.866025 0 -0.5 0 1 0 0.5 0 -0.866025 3626a.dat
1 15 -295 -360 -145.2628 -0.866025 0 -0.5 0 1 0 0.5 0 -0.866025 973.dat
1 15 -308.4684 -351.12 -137.4868 -0.853411 -0.147272 -0.5 -0.170055 0.985435 0 0.492717 0.085027 -0.866025 3819.dat
1 15 -281.5316 -351.12 -153.0388 -0.853411 0.147272 -0.5 0.170055 0.985435 0 0.492717 -0.085027 -0.866025 3818.dat
1 15 -310.5337 -333.247 -124.7474 -0.853411 -0.45769 -0.249416 -0.170055 0.696807 -0.696808 0.492717 -0.552249 -0.672496 3820.dat
1 15 -269.4663 -333.247 -148.4576 -0.853411 -0.249417 -0.45769 0.170055 0.696807 -0.696808 0.492717 -0.672496 -0.552249 3820.dat
0 !LEOCAD GROUP END
1 15 -295 -320 -145.2628 -0.866025 0 -0.5 0 1 0 0.5 0 -0.866025 3004.dat
1 15 -295 -328 -145.2628 -0.866025 0 -0.5 0 1 0 0.5 0 -0.866025 3023.dat
0 !LEOCAD GROUP END
1 7 190 -360 -210 1 0 0 0 1 0 0 0 1 3623.dat
1 0 240 -336 -10 1 0 0 0 1 0 0 0 1 3010.dat
1 7 270 -336 -190 0 0 -1 0 1 0 1 0 0 4490.dat
1 7 270 -336 -50 0 0 -1 0 1 0 1 0 0 4490.dat
1 7 190 -336 60 0 0 -1 0 1 0 1 0 0 3004.dat
1 7 190 -336 120 0 0 -1 0 1 0 1 0 0 3004.dat
1 7 190 -336 180 0 0 -1 0 1 0 1 0 0 3004.dat
1 7 190 -336 230 0 0 -1 0 1 0 1 0 0 3005.dat
1 7 -280 -488 -180 1 0 0 0 1 0 0 0 1 6066.dat
1 7 160 -488 260 1 0 0 0 1 0 0 0 1 6066.dat
1 7 -280 -488 -100 -1 0 0 0 1 0 0 0 -1 6066.dat
1 7 160 -488 340 -1 0 0 0 1 0 0 0 -1 6066.dat
0 !LEOCAD GROUP BEGIN door1
0 !LEOCAD PIECE PIVOT  0 -8 -50 1 0 0 0 1 0 0 0 1
1 0 -228.0544 -358 -82.7633 0 -0.960294 -0.278991 1 0 0 0 -0.278991 0.960294 3032.dat
1 7 -212.0021 -358 -109.3407 0 -0.960294 -0.278991 1 0 0 0 -0.278991 0.960294 2540.dat
0 !LEOCAD PIECE PIVOT  -40 0 -30 1 0 0 0 1 0 0 0 1
1 7 -217.5819 -388 -90.1343 -0.278991 -0.960294 0 0 0 -1 0.960294 -0.278991 0 3623.dat
0 !LEOCAD PIECE PIVOT  -40 0 30 1 0 0 0 1 0 0 0 1
1 7 -217.5819 -328 -90.1343 -0.278991 -0.960294 0 0 0 -1 0.960294 -0.278991 0 3623.dat
0 !LEOCAD GROUP END
1 0 270 -360 -120 0 0 -1 0 1 0 1 0 0 63322.dat
1 0 200 -360 -20 1 0 0 0 1 0 0 0 1 6223.dat
1 0 170 -360 -10 0 0 1 0 1 0 -1 0 0 3676.dat
1 7 150 -360 -230 1 0 0 0 1 0 0 0 1 3005.dat
1 7 -350 -472 -110 0 0 -1 0 1 0 1 0 0 60897.dat
1 7 90 -472 270 0 0 -1 0 1 0 1 0 0 60897.dat
0 !LEOCAD GROUP BEGIN torch2
1 0 -89.6191 -302.2313 -150 0 -1 0 0 0 1 -1 0 0 3959.dat
0 !LEOCAD GROUP END
0 !LEOCAD GROUP BEGIN torch3
1 0 129.6191 -398.2313 -230 0 1 0 0 0 1 1 0 0 3959.dat
0 !LEOCAD GROUP END
0 !LEOCAD GROUP BEGIN torch1
1 0 129.6191 -398.2313 -10 0 1 0 0 0 1 1 0 0 3959.dat
0 !LEOCAD GROUP END
0 !LEOCAD GROUP BEGIN torch2
1 234 -89.8566 -326.2313 -150 0 0 -1 0 -1 0 -1 0 0 4589.dat
0 !LEOCAD GROUP END
0 !LEOCAD GROUP BEGIN torch3
1 234 129.8566 -422.2313 -230 0 0 1 0 -1 0 1 0 0 4589.dat
0 !LEOCAD GROUP END
0 !LEOCAD GROUP BEGIN torch1
1 234 129.8566 -422.2313 -10 0 0 1 0 -1 0 1 0 0 4589.dat
0 !LEOCAD GROUP END
1 7 290 -344 -120 0 0 -1 0 1 0 1 0 0 3710.dat
1 0 230 -592 -120 0 0 -1 0 1 0 1 0 0 3710.dat
1 7 290 -360 -120 0 0 -1 0 1 0 1 0 0 3710.dat
1 0 230 -608 -120 0 0 -1 0 1 0 1 0 0 3710.dat
1 7 290 -352 -150 0 0 -1 0 1 0 1 0 0 60897.dat
1 0 230 -600 -150 0 0 -1 0 1 0 1 0 0 60897.dat
1 7 290 -352 -90 0 0 -1 0 1 0 1 0 0 60897.dat
1 0 230 -600 -90 0 0 -1 0 1 0 1 0 0 60897.dat
1 7 270 -360 -220 0 0 -1 0 1 0 1 0 0 3660.dat
1 7 270 -360 -20 0 0 -1 0 1 0 1 0 0 3660.dat
1 7 180 -368 -120 0 0 -1 0 1 0 1 0 0 3030.dat
1 0 170 -384 -230 1 0 0 0 1 0 0 0 1 45505.dat
1 0 170 -384 -10 1 0 0 0 1 0 0 0 1 45505.dat
1 0 240 -384 -230 -1 0 0 0 1 0 0 0 -1 3010.dat
1 0 240 -384 -10 -1 0 0 0 1 0 0 0 -1 3010.dat
1 7 290 -384 -220 0 0 -1 0 1 0 1 0 0 3700.dat
1 7 290 -384 -20 0 0 -1 0 1 0 1 0 0 3700.dat
1 0 240 -432 -10 1 0 0 0 1 0 0 0 1 3700.dat
0 !LEOCAD GROUP BEGIN wheel1
1 6 240 -421.8226 14.618 1 0 0 0 1 0 0 0 1 4185a.dat
1 7 240 -421.8226 0 0 0 -1 0 1 0 1 0 0 3749.dat
1 7 240 -441.2553 20.2779 0 0 1 0 1 0 -1 0 0 32002.dat
0 !LEOCAD GROUP END
1 0 170 -432 -230 1 0 0 0 1 0 0 0 1 3005.dat
1 0 290 -432 -230 1 0 0 0 1 0 0 0 1 3005.dat
1 0 170 -432 -10 1 0 0 0 1 0 0 0 1 3005.dat
1 0 290 -432 -10 1 0 0 0 1 0 0 0 1 3005.dat
1 0 240 -432 -230 -1 0 0 0 1 0 0 0 -1 3004.dat
1 0 230 -632 -120 0 0 -1 0 1 0 1 0 0 3004.dat
1 0 220 -408 -230 -1 0 0 0 1 0 0 0 -1 63322.dat
1 0 220 -408 -10 -1 0 0 0 1 0 0 0 -1 63322.dat
1 7 280 -384 -120 0 0 -1 0 1 0 1 0 0 6223.dat
1 7 160 -456 -230 1 0 0 0 1 0 0 0 1 3004.dat
1 7 160 -456 -10 1 0 0 0 1 0 0 0 1 3004.dat
1 7 240 -456 -230 1 0 0 0 1 0 0 0 1 3004.dat
1 7 240 -504 -230 1 0 0 0 1 0 0 0 1 3004.dat
1 7 240 -456 -10 1 0 0 0 1 0 0 0 1 3004.dat
1 7 240 -504 -10 1 0 0 0 1 0 0 0 1 3004.dat
1 7 290 -456 -230 1 0 0 0 1 0 0 0 1 3665b.dat
1 7 290 -456 -10 -1 0 0 0 1 0 0 0 -1 3665b.dat
1 18 -330 -544.0704 309.3793 1 0 0 0 1 0 0 0 1 2525p40.dat
1 7 270 -480 -230 1 0 0 0 1 0 0 0 1 4490.dat
1 7 270 -480 -10 1 0 0 0 1 0 0 0 1 4490.dat
1 7 200 -480 -230 1 0 0 0 1 0 0 0 1 3659.dat
1 7 200 -480 -10 1 0 0 0 1 0 0 0 1 3659.dat
1 0 290 -504 -170 0 0 -1 0 1 0 1 0 0 4444p04.dat
1 0 290 -504 -70 0 0 -1 0 1 0 1 0 0 4444p04.dat
1 0 290 -480 -250 1 0 0 0 1 0 0 0 1 3005.dat
1 0 290 -480 10 1 0 0 0 1 0 0 0 1 3005.dat
1 0 150 -480 -10 1 0 0 0 1 0 0 0 1 3005.dat
1 0 150 -480 -230 1 0 0 0 1 0 0 0 1 3005.dat
1 7 310 -576 -250 0 0 -1 0 1 0 1 0 0 2357.dat
1 7 310 -576 10 -1 0 0 0 1 0 0 0 -1 2357.dat
1 0 270 -504 -250 1 0 0 0 1 0 0 0 1 2357.dat
1 0 270 -504 10 0 0 1 0 1 0 -1 0 0 2357.dat
1 7 290 -504 -220 0 0 -1 0 1 0 1 0 0 3660.dat
1 7 240 -528 -230 1 0 0 0 1 0 0 0 1 3660.dat
1 7 240 -528 -10 -1 0 0 0 1 0 0 0 -1 3660.dat
1 7 290 -504 -120 0 0 -1 0 1 0 1 0 0 3660.dat
1 7 290 -504 -20 0 0 -1 0 1 0 1 0 0 3660.dat
0 !LEOCAD GROUP BEGIN roof8
1 0 180 -488 -230 -1 0 0 0 1 0 0 0 -1 4625.dat
0 !LEOCAD GROUP END
0 !LEOCAD GROUP BEGIN roof4
1 0 180 -488 -10 1 0 0 0 1 0 0 0 1 4625.dat
0 !LEOCAD GROUP END
0 !LEOCAD GROUP BEGIN roof6
1 0 180 -488 -230 -1 0 0 0 1 0 0 0 -1 4625.dat
0 !LEOCAD GROUP END
0 !LEOCAD GROUP BEGIN roof2
1 0 180 -488 -230 -1 0 0 0 1 0 0 0 -1 4625.dat
0 !LEOCAD GROUP END
0 !LEOCAD GROUP BEGIN roof8
0 !LEOCAD GROUP BEGIN roof9
1 4 180 -555.5295 -192.7552 0 0 -1 -0.743145 0.66913 0 0.66913 0.743145 0 3030.dat
0 !LEOCAD GROUP END
0 !LEOCAD GROUP END
0 !LEOCAD GROUP BEGIN roof4
0 !LEOCAD GROUP BEGIN roof5
1 4 180 -555.5294 -47.2447 0 0 1 -0.743145 0.66913 0 -0.66913 -0.743145 0 3030.dat
0 !LEOCAD GROUP END
0 !LEOCAD GROUP END
0 !LEOCAD GROUP BEGIN roof6
0 !LEOCAD GROUP BEGIN roof7
1 4 180 -555.5295 -192.7552 0 0 -1 -0.743145 0.66913 0 0.66913 0.743145 0 3030.dat
0 !LEOCAD GROUP END
0 !LEOCAD GROUP END
0 !LEOCAD GROUP BEGIN roof2
0 !LEOCAD GROUP BEGIN roof3
1 4 180 -555.5295 -192.7552 0 0 -1 -0.743145 0.66913 0 0.66913 0.743145 0 3030.dat
0 !LEOCAD GROUP END
0 !LEOCAD GROUP END
1 8 239.5898 -350 -120 0 1 0 -1 0 0 0 0 1 6046.dat
1 7 290 -528 -240 1 0 0 0 1 0 0 0 1 3002.dat
1 7 290 -528 0 1 0 0 0 1 0 0 0 1 3002.dat
1 0 290 -528 -120 0 0 -1 0 1 0 1 0 0 3008.dat
1 7 260 -536 -120 0 0 -1 0 1 0 1 0 0 3029.dat
1 7 310 -528 -30 1 0 0 0 1 0 0 0 1 3665b.dat
1 7 310 -528 -130 1 0 0 0 1 0 0 0 1 3665b.dat
1 7 310 -528 -210 -1 0 0 0 1 0 0 0 -1 3665b.dat
1 7 310 -528 -110 -1 0 0 0 1 0 0 0 -1 3665b.dat
1 7 240 -544 -120 0 0 1 0 1 0 -1 0 0 3176.dat
1 0 230 -560 -180 0 0 -1 0 1 0 1 0 0 3004.dat
1 0 230 -560 -60 0 0 -1 0 1 0 1 0 0 3004.dat
1 0 230 -584 -120 0 0 1 0 1 0 -1 0 0 3455.dat
1 0 220 -600 -120 0 0 -1 0 1 0 1 0 0 3022.dat
1 0 220 -640 -120 0 0 -1 0 1 0 1 0 0 3022.dat
1 7 260 -552 -250 1 0 0 0 1 0 0 0 1 3010.dat
1 7 260 -552 10 1 0 0 0 1 0 0 0 1 3010.dat
1 7 310 -552 -180 0 0 1 0 1 0 -1 0 0 63322.dat
1 7 310 -552 -40 0 0 1 0 1 0 -1 0 0 3009.dat
1 0 230 -648 -120 0 0 -1 0 1 0 1 0 0 3794a.dat
1 4 310 -344 -90 1 0 0 0 1 0 0 0 1 87687.dat
1 4 310 -344 -150 -1 0 0 0 1 0 0 0 -1 87687.dat
0 !LEOCAD GROUP BEGIN bridge
1 0 404.1917 -40.0366 -160 0.968583 -0.24869 0 0.24869 0.968583 0 0 0 1 3029.dat
1 0 404.1917 -40.0366 -80 0.968583 -0.24869 0 0.24869 0.968583 0 0 0 1 3029.dat
0 !LEOCAD PIECE PIVOT  0 0 -34.9455 1 0 0 0 1 0 0 0 1
1 0 305.3435 -57.157 -120 0 -0.24869 0.968583 0 0.968583 0.24869 -1 0 0 3032.dat
1 0 431.2598 -24.8272 -120 0 -0.24869 0.968583 0 0.968583 0.24869 -1 0 0 4477.dat
1 0 324.7152 -52.1832 -200 0 -0.24869 0.968583 0 0.968583 0.24869 -1 0 0 3315.dat
1 0 324.7152 -52.1832 -40 0 -0.24869 0.968583 0 0.968583 0.24869 -1 0 0 3315.dat
1 0 429.2701 -17.0785 -210 0 -0.24869 -0.968583 0 0.968583 -0.24869 1 0 0 4081b.dat
1 0 429.2701 -17.0785 -30 0 -0.24869 -0.968583 0 0.968583 -0.24869 1 0 0 4081b.dat
0 !LEOCAD GROUP END
1 4 -330 -616 -110 0.866025 0 0.5 0 1 0 -0.5 0 0.866025 4495a.dat
1 4 109.5448 -616 271.3139 0.866025 0 0.5 0 1 0 -0.5 0 0.866025 4495a.dat
1 1 -330 -592 -110 0.866025 0 0.5 0 1 0 -0.5 0 0.866025 4495a.dat
1 1 109.5448 -592 271.3139 0.866025 0 0.5 0 1 0 -0.5 0 0.866025 4495a.dat
1 7 310 -360 -120 0 0 -1 0 1 0 1 0 0 2586p4c.dat
1 7 284.8699 -254.5981 -10 0 0 -1 0 1 0 1 0 0 3846p4c.dat
1 7 284.8699 -254.5981 -230 0 0 -1 0 1 0 1 0 0 3846p4c.dat
1 1 230 -741.5568 -120 0.866025 0 0.5 0 1 0 -0.5 0 0.866025 2335p41.dat
1 0 230 -656 -120 1 0 0 0 1 0 0 0 1 3957b.dat
0 !LEOCAD GROUP BEGIN Minifig #3
1 7 271.8966 -631.4352 -34.9264 0.210761 -0.152324 -0.965597 -0.001933 0.987718 -0.156235 0.977536 0.034794 0.207878 3896.dat
1 14 271.8966 -631.4352 -34.9264 0.210761 -0.152324 -0.965597 -0.001933 0.987718 -0.156235 0.977536 0.034794 0.207878 3626ap01.dat
1 6 268.2286 -607.6509 -34.0886 -0.210761 -0.152324 0.965597 0.001933 0.987718 0.156235 -0.977536 0.034794 -0.207878 4498.dat
1 4 268.2286 -607.6509 -34.0886 0.210761 -0.152324 -0.965597 -0.001933 0.987718 -0.156235 0.977536 0.034794 0.207878 973p41.dat
1 0 263.3542 -576.0439 -32.9752 0.210761 -0.152324 -0.965597 -0.001933 0.987718 -0.156235 0.977536 0.034794 0.207878 3815.dat
1 1 270.1538 -598.91 -18.5767 0.233595 0.653779 -0.719727 -0.16987 0.756261 0.631833 0.957381 -0.025333 0.287716 3819.dat
1 1 263.5982 -598.85 -48.9823 0.181788 0.708542 -0.681852 0.166061 0.661326 0.731486 0.969215 -0.246204 0.00256 3818.dat
1 14 290.9411 -591.7087 -17.1484 0.226171 -0.074751 -0.971215 -0.048985 0.994917 -0.087982 0.972855 0.067474 0.221359 3820.dat
1 14 282.9705 -594.4299 -58.5319 0.082769 -0.162949 -0.983157 0.978963 0.197914 0.049614 0.186496 -0.966581 0.175902 3820.dat
1 6 299.8055 -587.3456 -18.9895 -0.918776 -0.323571 -0.22617 -0.342486 0.938245 0.048986 0.196353 0.122467 -0.972855 4499.dat
1 1 261.5264 -564.1914 -32.5576 0.210761 -0.152324 -0.965597 -0.001933 0.987718 -0.156235 0.977536 0.034794 0.207878 3817.dat
1 1 261.5264 -564.1914 -32.5576 0.210761 -0.152324 -0.965597 -0.001933 0.987718 -0.156235 0.977536 0.034794 0.207878 3816.dat
0 !LEOCAD GROUP END
1 7 20 -248.08 -220 0 0 -1 0 1 0 1 0 0 3896.dat
1 14 20 -248.08 -220 0 0 -1 0 1 0 1 0 0 3626ap01.dat
0 !LEOCAD GROUP BEGIN Minifig #4
1 6 20 -224 -220 -0.866025 0 0.5 0 1 0 -0.5 0 -0.866025 4498.dat
1 4 20 -224 -220 0.866025 0 -0.5 0 1 0 0.5 0 0.866025 973p41.dat
1 0 20 -192 -220 0.866025 0 -0.5 0 1 0 0.5 0 0.866025 3815.dat
1 1 33.4684 -215.12 -212.224 0.853411 0.473974 -0.216882 -0.170055 0.646503 0.743717 0.492717 -0.597815 0.632335 3819.dat
1 1 6.5316 -215.12 -227.776 0.853411 0.339125 -0.395832 0.170055 0.536706 0.826455 0.492717 -0.772619 0.400361 3818.dat
1 14 48.9098 -211.1239 -227.4423 0.869205 0.076431 -0.488509 -0.048985 0.996431 0.06874 0.49202 -0.03582 0.869847 3820.dat
1 14 12.6662 -214.0374 -248.9229 0.268401 -0.811098 -0.519693 0.960821 0.186672 0.204883 -0.069168 -0.554323 0.829423 3820.dat
1 6 53.7737 -208.2286 -235.7465 -0.491645 -0.052609 -0.869205 -0.191497 0.98027 0.048985 0.849479 0.190533 -0.49202 4499.dat
1 1 20 -180 -220 0.866025 0 -0.5 0 1 0 0.5 0 0.866025 3817.dat
1 1 20 -180 -220 0.866025 0 -0.5 0 1 0 0.5 0 0.866025 3816.dat
0 !LEOCAD GROUP END
0 !LEOCAD GROUP BEGIN Minifig #5
1 7 -269.7447 -538.7968 -170.3399 0.5 0 -0.866025 0 1 0 0.866025 0 0.5 3844.dat
1 14 -269.7447 -538.7968 -170.3399 0.5 0 -0.866025 0 1 0 0.866025 0 0.5 3626bp42.dat
1 6 -269.7447 -514.7169 -170.3399 -0.5 0 0.866025 0 1 0 -0.866025 0 -0.5 4498.dat
1 4 -269.7447 -514.7169 -170.3399 0.5 0 -0.866025 0 1 0 0.866025 0 0.5 973p41.dat
1 0 -269.7447 -482.7169 -170.3399 0.5 0 -0.866025 0 1 0 0.866025 0 0.5 3815.dat
1 0 -261.9687 -505.8369 -156.8714 0.492717 0.709381 -0.503993 -0.170055 0.646503 0.743717 0.853411 -0.280736 0.439177 3819.dat
1 0 -277.5207 -505.8369 -183.8083 0.492717 0.680001 -0.542981 0.170055 0.536706 0.826455 0.853411 -0.499545 0.148807 3818.dat
1 14 -240.9869 -501.8408 -162.3302 0.506744 0.084101 -0.857985 -0.048985 0.996431 0.06874 0.860704 0.007195 0.509055 3820.dat
1 14 -261.6346 -504.7543 -199.0548 0.267026 -0.42527 -0.864779 0.960821 0.186672 0.204883 0.074299 -0.885607 0.458455 3820.dat
1 6 -232.6225 -498.9455 -167.0899 -0.850517 -0.140827 -0.506744 -0.191497 0.98027 0.048985 0.489847 0.138702 -0.860704 4499.dat
1 4 -269.7447 -470.7169 -170.3399 0.5 0 -0.866025 0 1 0 0.866025 0 0.5 3817.dat
1 4 -269.7447 -470.7169 -170.3399 0.5 0 -0.866025 0 1 0 0.866025 0 0.5 3816.dat
0 !LEOCAD GROUP END
0 !LEOCAD GROUP BEGIN Minifig #6
1 7 180.9807 -528.08 310.9807 -0.5 0 -0.866025 0 1 0 0.866025 0 -0.5 3844.dat
1 14 180.9807 -528.08 310.9807 -0.5 0 -0.866025 0 1 0 0.866025 0 -0.5 3626ap01.dat
1 6 180.9807 -504 310.9807 0.5 0 0.866025 0 1 0 -0.866025 0 0.5 4498.dat
1 4 180.9807 -504 310.9807 -0.5 0 -0.866025 0 1 0 0.866025 0 -0.5 973p41.dat
1 0 180.9807 -472 310.9807 -0.5 0 -0.866025 0 1 0 0.866025 0 -0.5 3815.dat
1 1 173.2047 -495.12 324.4492 -0.492717 0.597815 -0.632335 -0.170055 0.646503 0.743717 0.853411 0.473974 -0.216882 3819.dat
1 1 188.7567 -495.12 297.5123 -0.492717 0.772619 -0.400361 0.170055 0.536706 0.826455 0.853411 0.339125 -0.395832 3818.dat
1 14 188.423 -491.1239 339.8906 -0.49202 0.03582 -0.869847 -0.048985 0.996431 0.06874 0.869205 0.076431 -0.488509 3820.dat
1 14 209.9037 -494.0374 303.647 0.069168 0.554323 -0.829423 0.960821 0.186672 0.204883 0.268401 -0.811098 -0.519693 3820.dat
1 6 196.7273 -488.2286 344.7544 -0.849479 -0.190533 0.49202 -0.191497 0.98027 0.048985 -0.491645 -0.052609 -0.869205 4499.dat
1 4 180.9807 -460 310.9807 -0.5 0 -0.866025 0 1 0 0.866025 0 -0.5 3817.dat
1 4 180.9807 -460 310.9807 -0.5 0 -0.866025 0 1 0 0.866025 0 -0.5 3816.dat
0 !LEOCAD GROUP END
0 !LEOCAD GROUP BEGIN Minifig #7
1 0 -44.2863 -397.0124 287.0904 -0.866025 0 -0.5 0 1 0 0.5 0 -0.866025 3844.dat
1 14 -44.2863 -397.0124 287.0904 -0.866025 0 -0.5 0 1 0 0.5 0 -0.866025 3626bp42.dat
1 4 -44.2863 -373.0124 287.0904 -0.866025 0 -0.5 0 1 0 0.5 0 -0.866025 973p41.dat
1 4 -44.2863 -341.0124 287.0904 -0.866025 0 -0.5 0 1 0 0.5 0 -0.866025 3815.dat
1 0 -57.7547 -364.1324 294.8664 -0.853411 0.280736 -0.439177 -0.170055 0.646503 0.743717 0.492717 0.709381 -0.503993 3819.dat
1 0 -30.8178 -364.1324 279.3144 -0.853411 0.499545 -0.148807 0.170055 0.536706 0.826455 0.492717 0.680001 -0.542981 3818.dat
1 14 -52.2961 -360.1363 315.8481 -0.860704 -0.007195 -0.509055 -0.048985 0.996431 0.06874 0.506744 0.084101 -0.857985 3820.dat
1 14 -15.5714 -363.0499 295.2005 -0.872989 -0.166463 -0.458454 -0.286082 0.936045 0.204883 0.395028 0.310016 -0.864779 3820.dat
1 7 -45.7331 -369.9845 326.043 -0.784154 -0.138703 -0.604867 -0.021857 0.98027 -0.196451 0.620182 -0.140827 -0.771714 3846p4c.dat
1 7 -10.7357 -365.4778 304.129 -0.780674 -0.279448 -0.558979 -0.272361 0.957178 -0.098136 0.562466 0.075632 -0.823354 2570.dat
1 0 -44.2863 -329.0124 287.0904 -0.866025 0 -0.5 0 1 0 0.5 0 -0.866025 3817.dat
1 0 -44.2863 -329.0124 287.0904 -0.866025 0 -0.5 0 1 0 0.5 0 -0.866025 3816.dat
0 !LEOCAD GROUP END
0 !LEOCAD GROUP BEGIN wolfpack_member_1
1 6 -375.7273 -102.5742 -212.0741 0.383603 0.062668 -0.921369 -0.124346 0.992115 0.015709 0.915088 0.108543 0.388371 4505a.dat
1 14 -375.7273 -102.5742 -212.0741 0.383603 0.062668 -0.921369 -0.124346 0.992115 0.015709 0.915088 0.108543 0.388371 3626bp44.dat
0 !LEOCAD GROUP BEGIN Minifig #9
1 4 -374.3438 -80.6679 -209.6774 0.496057 0.062667 -0.866025 -0.125334 0.992115 0 0.859197 0.108542 0.5 4524.dat
1 6 -374.2184 -78.6836 -209.4603 0.496057 0.062667 -0.866025 -0.125334 0.992115 0 0.859197 0.108542 0.5 973p44.dat
1 0 -372.213 -46.9352 -205.9868 0.496057 0.062667 -0.866025 -0.125334 0.992115 0 0.859197 0.108542 0.5 3815.dat
1 0 -365.9471 -71.8226 -195.1339 0.478176 0.146111 -0.866025 -0.292222 0.95635 -0.000001 0.828223 0.253072 0.5 3819.dat
1 0 -381.3766 -67.9242 -221.8589 0.499489 -0.022603 -0.866026 0.045206 0.998978 0 0.86514 -0.03915 0.5 3818.dat
1 14 -352.1198 -55.1128 -191.1843 0.478176 -0.509057 -0.715688 -0.292222 0.676241 -0.676243 0.828223 0.532503 0.174604 3820.dat
1 14 -375.6432 -49.1693 -231.9288 0.499489 -0.628356 -0.596389 0.045206 0.706383 -0.706385 0.86514 0.325871 0.381236 3820.dat
1 7 -371.461 -35.0295 -204.6842 0.496057 0.062667 -0.866025 -0.125334 0.992115 0 0.859197 0.108542 0.5 3817.dat
1 7 -371.461 -35.0295 -204.6842 0.496057 0.062667 -0.866025 -0.125334 0.992115 0 0.859197 0.108542 0.5 3816.dat
0 !LEOCAD GROUP END
0 !LEOCAD GROUP END
0 !LEOCAD GROUP BEGIN knight_1
1 15 450 -56 258.1242 0.866025 0 -0.5 0 1 0 0.5 0 0.866025 4493c02.dat
1 1 450 -64 258.1242 0.866025 0 -0.5 0 1 0 0.5 0 0.866025 4491b.dat
1 7 448.2929 -125.8514 219.3909 0.853411 0.419476 -0.3094 0.170055 0.337038 0.926006 0.492717 -0.842879 0.216298 3849.dat
0 !LEOCAD GROUP END
0 !LEOCAD GROUP BEGIN knight_2
1 7 451.5623 -119.8596 410.181 0.682062 0.637976 -0.35746 0.170055 0.337038 0.926006 0.711247 -0.692381 0.12139 3849.dat
0 !LEOCAD GROUP END
0 !LEOCAD GROUP BEGIN knight_1
0 !LEOCAD PIECE PIVOT  0 32 0 1 0 0 0 1 0 0 0 1
1 1 492.8467 -259.1965 188.2438 0.948814 -0.3094 0.063428 0.315791 0.926006 -0.206856 0.005266 0.216298 0.976313 4495a.dat
0 !LEOCAD GROUP END
0 !LEOCAD GROUP BEGIN knight_2
0 !LEOCAD PIECE PIVOT  0 32 0 1 0 0 0 1 0 0 0 1
1 4 503.0369 -253.2049 392.7007 0.909671 -0.35746 -0.211473 0.315791 0.926006 -0.206856 0.269768 0.12139 0.955243 4495a.dat
0 !LEOCAD GROUP END
0 !LEOCAD GROUP BEGIN knight_1
0 !LEOCAD GROUP BEGIN Minifig #14
1 0 450 -160 258.1242 0.866025 0 -0.5 0 1 0 0.5 0 0.866025 4503.dat
1 1 446.5 -172 264.1864 0.866025 0 -0.5 0 1 0 0.5 0 0.866025 87687.dat
1 14 450 -160 258.1242 0.866025 0 -0.5 0 1 0 0.5 0 0.866025 3626ap01.dat
1 4 450 -136 258.1242 0.866025 0 -0.5 0 1 0 0.5 0 0.866025 973p40.dat
1 4 450 -104 258.1242 0.866025 0 -0.5 0 1 0 0.5 0 0.866025 3815.dat
1 1 463.4685 -127.12 265.9002 0.853411 0.302032 -0.424812 -0.170055 0.931747 0.320826 0.492717 -0.201555 0.846525 3819.dat
1 1 436.5315 -127.12 250.3482 0.853411 0.208577 -0.477687 0.170055 0.754887 0.633425 0.492717 -0.621805 0.608759 3818.dat
1 14 477.7222 -113.4753 256.069 0.537613 0.668446 -0.513957 -0.835431 0.339768 -0.431986 -0.114133 0.661617 0.741105 3820.dat
1 14 441.0044 -119.9617 229.9826 0.853411 -0.190289 -0.485262 0.170055 0.981685 -0.085886 0.492717 -0.009225 0.870141 3820.dat
1 7 487.3359 -109.3069 247.8483 0.512647 0.033457 -0.857947 0.216385 0.961952 0.166809 0.830885 -0.271161 0.485903 2586p4c.dat
1 0 450 -92 258.1242 0.866025 0 -0.5 0 1 0 0.5 0 0.866025 3817.dat
1 0 450 -92 258.1242 0.866025 0 -0.5 0 1 0 0.5 0 0.866025 3816.dat
0 !LEOCAD GROUP END
0 !LEOCAD GROUP END
0 !LEOCAD GROUP BEGIN knight_2
0 !LEOCAD GROUP BEGIN Minifig #15
1 7 445.0273 -160 445.6721 0.692143 0 -0.72176 0 1 0 0.72176 0 0.692143 4503.dat
1 4 439.975 -172 450.5171 0.692143 0 -0.72176 0 1 0 0.72176 0 0.692143 87687.dat
1 14 445.0273 -160 445.6721 0.692143 0 -0.72176 0 1 0 0.72176 0 0.692143 3626ap01.dat
1 1 445.0273 -136 445.6721 0.692143 0 -0.72176 0 1 0 0.72176 0 0.692143 973p40.dat
1 4 445.0273 -104 445.6721 0.692143 0 -0.72176 0 1 0 0.72176 0 0.692143 3815.dat
1 4 455.7917 -127.1201 456.897 0.682062 0.346272 -0.644118 -0.170055 0.931747 0.320826 0.711247 -0.109288 0.694394 3819.dat
1 4 434.2632 -127.1201 434.4472 0.682062 0.373773 -0.628558 0.170055 0.754887 0.633425 0.711247 -0.538925 0.451317 3818.dat
1 14 472.2223 -113.4753 451.4327 0.548109 0.45732 -0.700311 -0.835431 0.339768 -0.431986 0.040388 0.821837 0.568289 3820.dat
1 14 444.2401 -119.9619 416.1382 0.682062 -0.18016 -0.708755 0.170055 0.981685 -0.085886 0.711247 -0.061948 0.700207 3820.dat
1 7 483.7476 -109.3069 446.2207 0.260483 0.10778 -0.959444 0.216385 0.961952 0.166809 0.940918 -0.25106 0.22725 2586p4c.dat
1 0 445.0273 -92 445.6721 0.692143 0 -0.72176 0 1 0 0.72176 0 0.692143 3817.dat
1 0 445.0273 -92 445.6721 0.692143 0 -0.72176 0 1 0 0.72176 0 0.692143 3816.dat
0 !LEOCAD GROUP END
1 6 445.0273 -56 445.6721 0.692143 0 -0.72176 0 1 0 0.72176 0 0.692143 4493c03.dat
1 4 445.0273 -64 445.6721 0.692143 0 -0.72176 0 1 0 0.72176 0 0.692143 4491b.dat
0 !LEOCAD GROUP END
0 !LEOCAD GROUP BEGIN knight_3
1 0 574.8605 -57 43.7708 0.676876 0 0.736097 0 1 0 -0.736097 0 0.676876 4493c01.dat
1 4 574.8605 -67.6194 43.7708 0.676876 0 0.736097 0 1 0 -0.736097 0 0.676876 2490p42.dat
0 !LEOCAD GROUP BEGIN Minifig #17
1 7 579.8639 -160.08 44.1261 0.676876 0 0.736097 0 1 0 -0.736097 0 0.676876 4503.dat
0 !LEOCAD GROUP END
0 !LEOCAD GROUP END
0 !LEOCAD GROUP BEGIN knight_4
0 !LEOCAD GROUP BEGIN Minifig #16
1 7 680.5497 -157.0691 259.5726 0.999507 0 0.031411 0 1 0 -0.031411 0 0.999507 4503.dat
0 !LEOCAD GROUP END
0 !LEOCAD GROUP END
0 !LEOCAD GROUP BEGIN knight_3
1 14 585.0165 -172.08 48.8642 0.676876 0 0.736097 0 1 0 -0.736097 0 0.676876 87687.dat
0 !LEOCAD GROUP END
0 !LEOCAD GROUP BEGIN knight_4
1 15 680.7698 -169.0691 266.5691 0.999507 0 0.031411 0 1 0 -0.031411 0 0.999507 87687.dat
0 !LEOCAD GROUP END
0 !LEOCAD GROUP BEGIN knight_3
0 !LEOCAD GROUP BEGIN Minifig #17
1 14 579.8639 -160.08 44.1261 0.676876 0 0.736097 0 1 0 -0.736097 0 0.676876 3626ap01.dat
0 !LEOCAD GROUP END
0 !LEOCAD GROUP END
0 !LEOCAD GROUP BEGIN knight_4
0 !LEOCAD GROUP BEGIN Minifig #16
1 14 680.5497 -157.0691 259.5726 0.999507 0 0.031411 0 1 0 -0.031411 0 0.999507 3626ap01.dat
0 !LEOCAD GROUP END
0 !LEOCAD GROUP END
0 !LEOCAD GROUP BEGIN knight_3
0 !LEOCAD GROUP BEGIN Minifig #17
1 7 579.8639 -136 44.1261 0.676876 0 0.736097 0 1 0 -0.736097 0 0.676876 2587.dat
0 !LEOCAD GROUP END
0 !LEOCAD GROUP END
0 !LEOCAD GROUP BEGIN knight_4
0 !LEOCAD GROUP BEGIN Minifig #16
1 7 680.5497 -132.9891 259.5726 0.999507 0 0.031411 0 1 0 -0.031411 0 0.999507 2587.dat
0 !LEOCAD GROUP END
0 !LEOCAD GROUP END
0 !LEOCAD GROUP BEGIN knight_3
0 !LEOCAD GROUP BEGIN Minifig #17
